C 1147352
R
T 6 8 5 2 5 5 5 2 5 5 
V 4
HI 5 5 5 5 
J 0 E
3 3 2 4 
3 4 1 3 
2 2 1 
2 1 2 
AB 4 1
M 5
U

C 1147353
R
T 7 8 5 2 5 6 5 2 6 5 
V 4
HI 5 5 6 5 
J 0 E
3 4 3 2 
2 1 3 
3 2 1 4 
2 3 1 
AB 2 1
M 5
U

C 1147354
I
T 8 8 5 2 6 6 5 2 6 6 
V 4
HI 5 6 6 5 
J 0 E
2 3 2 
3 1 3 4 
3 4 2 1 
2 2 3 
AB 4 2
M 0
U

C 1147355
R
T 8 10 5 2 5 4 5 2 6 5 6 5 
V 5
HI 5 5 6 6 5 
J 0 E
4 5 4 3 2 
2 1 3 
3 2 1 4 
3 3 1 5 
2 4 1 
AB 2 1
M 5
U

C 1147356
R
T 8 10 5 2 5 6 6 6 5 2 6 4 
V 5
HI 5 6 6 5 5 
J 0 E
2 2 3 
4 4 5 3 1 
3 1 2 5 
2 5 2 
3 3 2 4 
AB 4 5
M 5
U

C 1147357
R
T 8 10 5 2 5 7 5 7 5 2 7 4 
V 5
HI 5 7 5 5 5 
J 0 E
2 3 2 
4 1 3 4 5 
3 4 2 1 
3 5 2 3 
2 2 4 
AB 1 3
M 5
U

C 1147358
R
T 8 10 5 5 5 5 6 5 6 5 6 5 
V 6
HI 5 5 5 6 6 6 
J 0 E
5 5 3 2 4 6 
3 4 1 3 
3 2 1 5 
3 6 1 2 
3 3 1 6 
3 5 1 4 
AB 3 2
M 0
U

C 1147359
R
T 8 16 5 2 5 5 6 4 5 5 5 2 5 5 6 4 5 5 
V 7
HI 5 5 5 6 5 5 5 
J 1 4 E
3 4 3 2 
2 1 3 
3 2 1 4 
6 5 6 0 3 1 0 
3 7 6 4 
3 4 5 7 
2 6 5 
AB 7 6
M 5
U

C 1147360
I
T 9 10 5 2 5 7 6 7 5 2 7 4 
V 5
HI 5 7 5 6 5 
J 0 E
2 3 2 
4 1 3 4 5 
3 4 2 1 
3 5 2 3 
2 2 4 
AB 1 3
M 0
U

C 1147361
R
T 9 10 5 2 6 4 5 2 6 6 6 6 
V 5
HI 5 6 6 6 5 
J 0 E
2 3 2 
4 1 3 4 5 
3 4 2 1 
3 5 2 3 
2 2 4 
AB 5 2
M 5
U

C 1147362
R
T 9 10 5 5 6 5 6 5 6 5 6 5 
V 6
HI 5 5 6 6 6 6 
J 0 E
5 5 3 2 4 6 
3 4 1 3 
3 2 1 5 
3 6 1 2 
3 3 1 6 
3 5 1 4 
AB 2 4
M 0
U

C 1147363
R
T 9 12 5 2 5 4 5 2 6 4 5 2 7 4 
V 6
HI 5 5 6 5 7 5 
J 0 E
4 2 3 5 4 
2 3 1 
4 6 5 1 2 
2 1 5 
4 4 1 3 6 
2 5 3 
AB 4 1
M 5
U

C 1147364
R
T 9 12 5 2 5 4 5 5 6 5 6 5 7 4 
V 7
HI 5 5 5 6 7 6 5 
J 0 E
5 5 3 2 4 6 
3 4 1 3 
4 2 1 5 7 
3 6 1 2 
4 7 3 1 6 
3 5 1 4 
2 3 5 
AB 7 3
M 5
U

